19602
96690
64707
56734
65698
71181
46079
75545
69846
13357
94058
88415
66978
94199
62191
26312
95007
81885
49206
83331
25356
24935
83564
85755
52327
10271
16247
56064
29986
53734
57886
48837
87370
17759
58014
15709
45834
98316
44539
88093
83667
68600
14837
26806
88606
32756
86784
53138
76487
28781
25141
68131
79948
98199
35727
25529
10355
83073
35963
72602
61604
41417
62386
39073
76811
39447
62676
14859
21294
67901
17134
87071
37573
70218
53339
99844
65636
51752
69850
59508
29694
44752
90114
72434
27371
91343
28052
94210
42752
89007
31428
96483
22954
29049
74662
47356
12922
46728
49017
23307
88692
91998
78040
35551
15309
95703
13672
91988
10146
48370
98851
62651
10301
52558
92472
99273
94652
47293
47846
85784
23589
26728
58159
39056
98811
59012
70099
52681
64401
39124
51661
69012
54683
15745
53566
64100
71131
51658
52602
95540
61674
76695
23033
40466
33224
47781
23853
93587
25926
33531
47464
91925
71234
21325
49780
41329
55296
47431
72620
80387
10389
82264
39257
58197
67239
46036
20789
17268
30245
67048
42974
90651
59380
23743
95406
92056
94755
14523
61719
40239
26613
35273
74157
95926
56387
56902
55376
86069
30077
60973
63901
42454
85736
36665
60274
61809
51736
91035
15548
13192
29733
76273
67764
57241
54724
39644
16829
86421
66080
71552
87850
80748
95921
87772
76438
81389
42684
43312
47435
91941
14571
20565
25192
69179
98200
64087
96932
51793
93436
15485
71102
26937
19972
25231
17999
78244
46761
46573
57783
45165
13110
44106
95627
49662
61669
49082
56394
65976
34183
51770
18696
41129
44734
43538
31963
90800
44259
68034
60052
91709
57891
17111
60526
40136
99130
28851
68560
23981
32410
48547
78004
55859
64796
66523
54719
54891
35286
38117
33893
50573
10800
85375
37230
65592
50851
89818
87969
79934
89773
59157
56845
30161
66539
96716
22907
48212
47336
83662
45072
33649
36928
51449
88253
86072
13242
79401
31530
34164
41456
44707
28801
45048
45210
94629
93434
47846
71794
71190
23321
29281
50784
37702
50267
86175
80550
95567
63671
41756
70757
82960
68345
53433
48037
62097
66843
40266
73128
77396
63441
84270
87817
70848
32328
94710
69034
95157
46122
42108
19368
59685
87197
81362
42135
25217
17706
99797
71891
41536
93365
24531
55569
54594
55985
93707
41704
71969
76356
41232
28008
45200
39627
25935
97974
55710
16685
20284
79008
89711
33687
20655
16683
22493
91120
29273
84426
49127
33514
80641
27587
89301
84690
25124
53951
52847
32604
14980
24651
34611
16008
94019
45185
12306
13079
34634
55897
23116
32654
73846
11853
55838
42065
23457
89276
93481
47465
17471
74245
85789
44033
83244
25145
73571
29811
60560
24254
97033
91428
69042
65507
18816
90140
38372
57627
21888
53788
10709
78874
50330
25825
22146
74864
81298
94547
64416
72294
29518
91320
17381
20605
58304
16813
43611
98759
29376
72023
83695
60113
45356
54253
33632
39089
46551
53519
89454
17056
38605
87050
55954
62970
85599
72148
18725
45062
14393
47646
84144
73790
94781
99570
89626
44313
91466
52582
30974
51321
73148
67055
41910
17724
50332
60309
99946
52886
33048
61156
51458
34048
93179
58769
44216
94039
91810
24291
79089
32853
34447
53666
45263
88472
98263
28057
77736
85844
65172
17936
83299
65571
12228
38973
74923
69585
84408
19552
38919
21052
53583
41047
91695
82625
47853
23323
72773
17126
27679
16694
47679
88736
32246
10411
20506
49938
14756
17858
79607
24354
35789
98162
73776
61733
94065
52993
12658
64330
21921
24856
93333
10340
18883
29364
18632
19825
81460
98411
60690
44155
14871
88586
34955
33870
32090
73104
14895
50347
73840
78174
26510
33483
34364
39082
97816
55887
50212
48093
62912
23388
86480
69596
95089
52936
61703
95110
11034
48066
54895
69381
53897
14221
93681
93989
31278
49735
47448
85431
50449
37264
25047
30193
69642
21247
60901
58096
19292
95741
83519
12144
78812
34415
29238
89620
79390
46427
88509
79044
49334
27571
99893
51803
78178
95414
52645
77078
74460
62115
39084
58270
86931
27526
58509
54193
16140
28693
83838
59171
57227
38083
45697
93709
89510
79456
65036
31611
67599
35153
81713
45561
10902
43422
88998
69274
33769
78619
82855
66333
64111
19587
38056
86395
50876
73237
17973
20698
84006
81346
82494
58471
34116
81090
92131
90291
39068
68249
50576
97659
17524
44869
63425
72394
30606
72277
23868
43535
18946
99172
84383
14706
11511
19691
53653
97847
19517
14303
69220
62657
58897
59529
12113
22372
58392
64676
14098
76843
41967
84896
79892
96109
96967
59112
33063
40313
24501
31035
29922
31090
39021
27833
84161
88505
78943
15696
44381
56711
14470
42783
24918
73774
25446
64732
89938
89696
88797
27480
98368
86588
59965
54119
98898
93668
22067
54143
86977
33738
23842
88289
32349
17255
53132
61599
67363
65894
10464
32010
44195
98830
97502
42610
10545
70327
65753
89375
14323
99329
21970
86829
96930
90068
56531
74461
19252
74448
63192
45508
19883
41122
64522
36659
26038
65076
76011
19823
24100
30835
88097
87518
88679
42084
69948
51484
32548
23688
89860
79574
19944
59270
71024
80315
41382
40119
15339
26616
47311
96553
93977
41451
28001
43723
42066
78331
10663
32664
95437
44608
10843
31452
88412
84257
59934
52180
53091
99012
74022
15228
25895
55264
70633
87597
81795
92008
86694
50900
67583
86534
68061
94647
15475
58087
41980
10945
39752
36180
66195
73797
79568
50072
94947
28518
17826
75934
57385
92138
55866
23699
72301
43289
95034
31037
63565
21165
40569
93889
12535
49060
50760
61949
64526
25631
17931
48652
28428
93237
37244
17428
56587
26327
48551
38168
45212
76627
75951
34113
53727
21594
66731
70865
75441
40826
19272
37890
58170
56266
46964
69290
38094
42636
76633
15319
76203
98287
34994
93905
74403
83918
87856
26448
71750
11538
75304
20579
64035
77592
94681
99587
55970
99193
36120
14889
92833
43831
31722
32479
10161
27373
64008
74061
74613
32958
71031
54073
74736
35554
41165
67555
29224
23092
65335
37716
89299
62162
21018
94806
48519
32910
41750
23594
81219
80381
33912
71220
42091
44758
31633
47498
92876
88946
86610
53463
82403
98665
15874
65686
32619
70319
65286
28329
92420
86952
99999
89824
58266
61279
87892
92248
43024
88111
98517
62017
58371
93242
76411
20319
53286
98618
94631
10660
58559
54358
46599
63131
47818
42470
70635
